g6
|   | |   | |   | |   | |   | |   | |   | |   | |   | 
|   | |   | |   | |   | |   | |   | | 3 | | 1 | | 1 | 
|   | |   | |   | |   | |   | |   | | 2 | | 0 | | 0 | 
|   | | 1 | | 1 | | 2 | | 2 | | 2 | | 1 | | 0 | | 0 | 
|   | | 1 | | 0 | | 0 | | 0 | | 0 | | 0 | | 1 | | 1 | 
|   | | 1 | | 0 | | 0 | | 0 | | 0 | | 0 | | 1 | |   | 
| 1 | | 1 | | 0 | | 0 | | 0 | | 1 | | 1 | | 2 | |   | 
| 0 | | 0 | | 0 | | 0 | | 0 | | 1 | |   | |   | |   | 
| 0 | | 0 | | 0 | | 0 | | 0 | | 1 | |   | |   | |   | 


f2f
|   | |   | |   | |   | |   | |   | |   | |   | |   | 
|   | |   | |   | |   | |   | | F | | 3 | | 1 | | 1 | 
|   | |   | |   | |   | |   | |   | | 2 | | 0 | | 0 | 
|   | | 1 | | 1 | | 2 | | 2 | | 2 | | 1 | | 0 | | 0 | 
|   | | 1 | | 0 | | 0 | | 0 | | 0 | | 0 | | 1 | | 1 | 
|   | | 1 | | 0 | | 0 | | 0 | | 0 | | 0 | | 1 | |   | 
| 1 | | 1 | | 0 | | 0 | | 0 | | 1 | | 1 | | 2 | |   | 
| 0 | | 0 | | 0 | | 0 | | 0 | | 1 | |   | |   | |   | 
| 0 | | 0 | | 0 | | 0 | | 0 | | 1 | |   | |   | |   | 


e3f
|   | |   | |   | |   | |   | |   | |   | |   | |   | 
|   | |   | |   | |   | |   | | F | | 3 | | 1 | | 1 | 
|   | |   | |   | |   | | F | |   | | 2 | | 0 | | 0 | 
|   | | 1 | | 1 | | 2 | | 2 | | 2 | | 1 | | 0 | | 0 | 
|   | | 1 | | 0 | | 0 | | 0 | | 0 | | 0 | | 1 | | 1 | 
|   | | 1 | | 0 | | 0 | | 0 | | 0 | | 0 | | 1 | |   | 
| 1 | | 1 | | 0 | | 0 | | 0 | | 1 | | 1 | | 2 | |   | 
| 0 | | 0 | | 0 | | 0 | | 0 | | 1 | |   | |   | |   | 
| 0 | | 0 | | 0 | | 0 | | 0 | | 1 | |   | |   | |   | 


f3f
|   | |   | |   | |   | |   | |   | |   | |   | |   | 
|   | |   | |   | |   | |   | | F | | 3 | | 1 | | 1 | 
|   | |   | |   | |   | | F | | F | | 2 | | 0 | | 0 | 
|   | | 1 | | 1 | | 2 | | 2 | | 2 | | 1 | | 0 | | 0 | 
|   | | 1 | | 0 | | 0 | | 0 | | 0 | | 0 | | 1 | | 1 | 
|   | | 1 | | 0 | | 0 | | 0 | | 0 | | 0 | | 1 | |   | 
| 1 | | 1 | | 0 | | 0 | | 0 | | 1 | | 1 | | 2 | |   | 
| 0 | | 0 | | 0 | | 0 | | 0 | | 1 | |   | |   | |   | 
| 0 | | 0 | | 0 | | 0 | | 0 | | 1 | |   | |   | |   | 


a6f
|   | |   | |   | |   | |   | |   | |   | |   | |   | 
|   | |   | |   | |   | |   | | F | | 3 | | 1 | | 1 | 
|   | |   | |   | |   | | F | | F | | 2 | | 0 | | 0 | 
|   | | 1 | | 1 | | 2 | | 2 | | 2 | | 1 | | 0 | | 0 | 
|   | | 1 | | 0 | | 0 | | 0 | | 0 | | 0 | | 1 | | 1 | 
| F | | 1 | | 0 | | 0 | | 0 | | 0 | | 0 | | 1 | |   | 
| 1 | | 1 | | 0 | | 0 | | 0 | | 1 | | 1 | | 2 | |   | 
| 0 | | 0 | | 0 | | 0 | | 0 | | 1 | |   | |   | |   | 
| 0 | | 0 | | 0 | | 0 | | 0 | | 1 | |   | |   | |   | 


i6f
|   | |   | |   | |   | |   | |   | |   | |   | |   | 
|   | |   | |   | |   | |   | | F | | 3 | | 1 | | 1 | 
|   | |   | |   | |   | | F | | F | | 2 | | 0 | | 0 | 
|   | | 1 | | 1 | | 2 | | 2 | | 2 | | 1 | | 0 | | 0 | 
|   | | 1 | | 0 | | 0 | | 0 | | 0 | | 0 | | 1 | | 1 | 
| F | | 1 | | 0 | | 0 | | 0 | | 0 | | 0 | | 1 | | F | 
| 1 | | 1 | | 0 | | 0 | | 0 | | 1 | | 1 | | 2 | |   | 
| 0 | | 0 | | 0 | | 0 | | 0 | | 1 | |   | |   | |   | 
| 0 | | 0 | | 0 | | 0 | | 0 | | 1 | |   | |   | |   | 


g8f
|   | |   | |   | |   | |   | |   | |   | |   | |   | 
|   | |   | |   | |   | |   | | F | | 3 | | 1 | | 1 | 
|   | |   | |   | |   | | F | | F | | 2 | | 0 | | 0 | 
|   | | 1 | | 1 | | 2 | | 2 | | 2 | | 1 | | 0 | | 0 | 
|   | | 1 | | 0 | | 0 | | 0 | | 0 | | 0 | | 1 | | 1 | 
| F | | 1 | | 0 | | 0 | | 0 | | 0 | | 0 | | 1 | | F | 
| 1 | | 1 | | 0 | | 0 | | 0 | | 1 | | 1 | | 2 | |   | 
| 0 | | 0 | | 0 | | 0 | | 0 | | 1 | | F | |   | |   | 
| 0 | | 0 | | 0 | | 0 | | 0 | | 1 | |   | |   | |   | 


d3
|   | |   | |   | |   | |   | |   | |   | |   | |   | 
|   | |   | |   | |   | |   | | F | | 3 | | 1 | | 1 | 
|   | |   | |   | | 2 | | F | | F | | 2 | | 0 | | 0 | 
|   | | 1 | | 1 | | 2 | | 2 | | 2 | | 1 | | 0 | | 0 | 
|   | | 1 | | 0 | | 0 | | 0 | | 0 | | 0 | | 1 | | 1 | 
| F | | 1 | | 0 | | 0 | | 0 | | 0 | | 0 | | 1 | | F | 
| 1 | | 1 | | 0 | | 0 | | 0 | | 1 | | 1 | | 2 | |   | 
| 0 | | 0 | | 0 | | 0 | | 0 | | 1 | | F | |   | |   | 
| 0 | | 0 | | 0 | | 0 | | 0 | | 1 | |   | |   | |   | 


c3f
|   | |   | |   | |   | |   | |   | |   | |   | |   | 
|   | |   | |   | |   | |   | | F | | 3 | | 1 | | 1 | 
|   | |   | | F | | 2 | | F | | F | | 2 | | 0 | | 0 | 
|   | | 1 | | 1 | | 2 | | 2 | | 2 | | 1 | | 0 | | 0 | 
|   | | 1 | | 0 | | 0 | | 0 | | 0 | | 0 | | 1 | | 1 | 
| F | | 1 | | 0 | | 0 | | 0 | | 0 | | 0 | | 1 | | F | 
| 1 | | 1 | | 0 | | 0 | | 0 | | 1 | | 1 | | 2 | |   | 
| 0 | | 0 | | 0 | | 0 | | 0 | | 1 | | F | |   | |   | 
| 0 | | 0 | | 0 | | 0 | | 0 | | 1 | |   | |   | |   | 


c2
|   | |   | |   | |   | |   | |   | |   | |   | |   | 
|   | |   | | 2 | |   | |   | | F | | 3 | | 1 | | 1 | 
|   | |   | | F | | 2 | | F | | F | | 2 | | 0 | | 0 | 
|   | | 1 | | 1 | | 2 | | 2 | | 2 | | 1 | | 0 | | 0 | 
|   | | 1 | | 0 | | 0 | | 0 | | 0 | | 0 | | 1 | | 1 | 
| F | | 1 | | 0 | | 0 | | 0 | | 0 | | 0 | | 1 | | F | 
| 1 | | 1 | | 0 | | 0 | | 0 | | 1 | | 1 | | 2 | |   | 
| 0 | | 0 | | 0 | | 0 | | 0 | | 1 | | F | |   | |   | 
| 0 | | 0 | | 0 | | 0 | | 0 | | 1 | |   | |   | |   | 


d2
|   | |   | |   | |   | |   | |   | |   | |   | |   | 
|   | |   | | 2 | | 2 | |   | | F | | 3 | | 1 | | 1 | 
|   | |   | | F | | 2 | | F | | F | | 2 | | 0 | | 0 | 
|   | | 1 | | 1 | | 2 | | 2 | | 2 | | 1 | | 0 | | 0 | 
|   | | 1 | | 0 | | 0 | | 0 | | 0 | | 0 | | 1 | | 1 | 
| F | | 1 | | 0 | | 0 | | 0 | | 0 | | 0 | | 1 | | F | 
| 1 | | 1 | | 0 | | 0 | | 0 | | 1 | | 1 | | 2 | |   | 
| 0 | | 0 | | 0 | | 0 | | 0 | | 1 | | F | |   | |   | 
| 0 | | 0 | | 0 | | 0 | | 0 | | 1 | |   | |   | |   | 


c1
|   | |   | | 1 | |   | |   | |   | |   | |   | |   | 
|   | |   | | 2 | | 2 | |   | | F | | 3 | | 1 | | 1 | 
|   | |   | | F | | 2 | | F | | F | | 2 | | 0 | | 0 | 
|   | | 1 | | 1 | | 2 | | 2 | | 2 | | 1 | | 0 | | 0 | 
|   | | 1 | | 0 | | 0 | | 0 | | 0 | | 0 | | 1 | | 1 | 
| F | | 1 | | 0 | | 0 | | 0 | | 0 | | 0 | | 1 | | F | 
| 1 | | 1 | | 0 | | 0 | | 0 | | 1 | | 1 | | 2 | |   | 
| 0 | | 0 | | 0 | | 0 | | 0 | | 1 | | F | |   | |   | 
| 0 | | 0 | | 0 | | 0 | | 0 | | 1 | |   | |   | |   | 


d1
|   | |   | | 1 | | 0 | | 1 | |   | |   | |   | |   | 
|   | |   | | 2 | | 2 | | 3 | | F | | 3 | | 1 | | 1 | 
|   | |   | | F | | 2 | | F | | F | | 2 | | 0 | | 0 | 
|   | | 1 | | 1 | | 2 | | 2 | | 2 | | 1 | | 0 | | 0 | 
|   | | 1 | | 0 | | 0 | | 0 | | 0 | | 0 | | 1 | | 1 | 
| F | | 1 | | 0 | | 0 | | 0 | | 0 | | 0 | | 1 | | F | 
| 1 | | 1 | | 0 | | 0 | | 0 | | 1 | | 1 | | 2 | |   | 
| 0 | | 0 | | 0 | | 0 | | 0 | | 1 | | F | |   | |   | 
| 0 | | 0 | | 0 | | 0 | | 0 | | 1 | |   | |   | |   | 


f1
|   | |   | | 1 | | 0 | | 1 | | 1 | |   | |   | |   | 
|   | |   | | 2 | | 2 | | 3 | | F | | 3 | | 1 | | 1 | 
|   | |   | | F | | 2 | | F | | F | | 2 | | 0 | | 0 | 
|   | | 1 | | 1 | | 2 | | 2 | | 2 | | 1 | | 0 | | 0 | 
|   | | 1 | | 0 | | 0 | | 0 | | 0 | | 0 | | 1 | | 1 | 
| F | | 1 | | 0 | | 0 | | 0 | | 0 | | 0 | | 1 | | F | 
| 1 | | 1 | | 0 | | 0 | | 0 | | 1 | | 1 | | 2 | |   | 
| 0 | | 0 | | 0 | | 0 | | 0 | | 1 | | F | |   | |   | 
| 0 | | 0 | | 0 | | 0 | | 0 | | 1 | |   | |   | |   | 


g1
|   | |   | | 1 | | 0 | | 1 | | 1 | | 2 | |   | |   | 
|   | |   | | 2 | | 2 | | 3 | | F | | 3 | | 1 | | 1 | 
|   | |   | | F | | 2 | | F | | F | | 2 | | 0 | | 0 | 
|   | | 1 | | 1 | | 2 | | 2 | | 2 | | 1 | | 0 | | 0 | 
|   | | 1 | | 0 | | 0 | | 0 | | 0 | | 0 | | 1 | | 1 | 
| F | | 1 | | 0 | | 0 | | 0 | | 0 | | 0 | | 1 | | F | 
| 1 | | 1 | | 0 | | 0 | | 0 | | 1 | | 1 | | 2 | |   | 
| 0 | | 0 | | 0 | | 0 | | 0 | | 1 | | F | |   | |   | 
| 0 | | 0 | | 0 | | 0 | | 0 | | 1 | |   | |   | |   | 


h1f
|   | |   | | 1 | | 0 | | 1 | | 1 | | 2 | | F | |   | 
|   | |   | | 2 | | 2 | | 3 | | F | | 3 | | 1 | | 1 | 
|   | |   | | F | | 2 | | F | | F | | 2 | | 0 | | 0 | 
|   | | 1 | | 1 | | 2 | | 2 | | 2 | | 1 | | 0 | | 0 | 
|   | | 1 | | 0 | | 0 | | 0 | | 0 | | 0 | | 1 | | 1 | 
| F | | 1 | | 0 | | 0 | | 0 | | 0 | | 0 | | 1 | | F | 
| 1 | | 1 | | 0 | | 0 | | 0 | | 1 | | 1 | | 2 | |   | 
| 0 | | 0 | | 0 | | 0 | | 0 | | 1 | | F | |   | |   | 
| 0 | | 0 | | 0 | | 0 | | 0 | | 1 | |   | |   | |   | 


i1
|   | |   | | 1 | | 0 | | 1 | | 1 | | 2 | | F | | 1 | 
|   | |   | | 2 | | 2 | | 3 | | F | | 3 | | 1 | | 1 | 
|   | |   | | F | | 2 | | F | | F | | 2 | | 0 | | 0 | 
|   | | 1 | | 1 | | 2 | | 2 | | 2 | | 1 | | 0 | | 0 | 
|   | | 1 | | 0 | | 0 | | 0 | | 0 | | 0 | | 1 | | 1 | 
| F | | 1 | | 0 | | 0 | | 0 | | 0 | | 0 | | 1 | | F | 
| 1 | | 1 | | 0 | | 0 | | 0 | | 1 | | 1 | | 2 | |   | 
| 0 | | 0 | | 0 | | 0 | | 0 | | 1 | | F | |   | |   | 
| 0 | | 0 | | 0 | | 0 | | 0 | | 1 | |   | |   | |   | 


a3
|   | |   | | 1 | | 0 | | 1 | | 1 | | 2 | | F | | 1 | 
|   | |   | | 2 | | 2 | | 3 | | F | | 3 | | 1 | | 1 | 
| 1 | |   | | F | | 2 | | F | | F | | 2 | | 0 | | 0 | 
|   | | 1 | | 1 | | 2 | | 2 | | 2 | | 1 | | 0 | | 0 | 
|   | | 1 | | 0 | | 0 | | 0 | | 0 | | 0 | | 1 | | 1 | 
| F | | 1 | | 0 | | 0 | | 0 | | 0 | | 0 | | 1 | | F | 
| 1 | | 1 | | 0 | | 0 | | 0 | | 1 | | 1 | | 2 | |   | 
| 0 | | 0 | | 0 | | 0 | | 0 | | 1 | | F | |   | |   | 
| 0 | | 0 | | 0 | | 0 | | 0 | | 1 | |   | |   | |   | 


b3
|   | |   | | 1 | | 0 | | 1 | | 1 | | 2 | | F | | 1 | 
|   | |   | | 2 | | 2 | | 3 | | F | | 3 | | 1 | | 1 | 
| 1 | | 2 | | F | | 2 | | F | | F | | 2 | | 0 | | 0 | 
|   | | 1 | | 1 | | 2 | | 2 | | 2 | | 1 | | 0 | | 0 | 
|   | | 1 | | 0 | | 0 | | 0 | | 0 | | 0 | | 1 | | 1 | 
| F | | 1 | | 0 | | 0 | | 0 | | 0 | | 0 | | 1 | | F | 
| 1 | | 1 | | 0 | | 0 | | 0 | | 1 | | 1 | | 2 | |   | 
| 0 | | 0 | | 0 | | 0 | | 0 | | 1 | | F | |   | |   | 
| 0 | | 0 | | 0 | | 0 | | 0 | | 1 | |   | |   | |   | 


a4
|   | |   | | 1 | | 0 | | 1 | | 1 | | 2 | | F | | 1 | 
|   | |   | | 2 | | 2 | | 3 | | F | | 3 | | 1 | | 1 | 
| 1 | | 2 | | F | | 2 | | F | | F | | 2 | | 0 | | 0 | 
| 0 | | 1 | | 1 | | 2 | | 2 | | 2 | | 1 | | 0 | | 0 | 
| 1 | | 1 | | 0 | | 0 | | 0 | | 0 | | 0 | | 1 | | 1 | 
| F | | 1 | | 0 | | 0 | | 0 | | 0 | | 0 | | 1 | | F | 
| 1 | | 1 | | 0 | | 0 | | 0 | | 1 | | 1 | | 2 | |   | 
| 0 | | 0 | | 0 | | 0 | | 0 | | 1 | | F | |   | |   | 
| 0 | | 0 | | 0 | | 0 | | 0 | | 1 | |   | |   | |   | 


i7
|   | |   | | 1 | | 0 | | 1 | | 1 | | 2 | | F | | 1 | 
|   | |   | | 2 | | 2 | | 3 | | F | | 3 | | 1 | | 1 | 
| 1 | | 2 | | F | | 2 | | F | | F | | 2 | | 0 | | 0 | 
| 0 | | 1 | | 1 | | 2 | | 2 | | 2 | | 1 | | 0 | | 0 | 
| 1 | | 1 | | 0 | | 0 | | 0 | | 0 | | 0 | | 1 | | 1 | 
| F | | 1 | | 0 | | 0 | | 0 | | 0 | | 0 | | 1 | | F | 
| 1 | | 1 | | 0 | | 0 | | 0 | | 1 | | 1 | | 2 | | 1 | 
| 0 | | 0 | | 0 | | 0 | | 0 | | 1 | | F | |   | |   | 
| 0 | | 0 | | 0 | | 0 | | 0 | | 1 | |   | |   | |   | 


h8
|   | |   | | 1 | | 0 | | 1 | | 1 | | 2 | | F | | 1 | 
|   | |   | | 2 | | 2 | | 3 | | F | | 3 | | 1 | | 1 | 
| 1 | | 2 | | F | | 2 | | F | | F | | 2 | | 0 | | 0 | 
| 0 | | 1 | | 1 | | 2 | | 2 | | 2 | | 1 | | 0 | | 0 | 
| 1 | | 1 | | 0 | | 0 | | 0 | | 0 | | 0 | | 1 | | 1 | 
| F | | 1 | | 0 | | 0 | | 0 | | 0 | | 0 | | 1 | | F | 
| 1 | | 1 | | 0 | | 0 | | 0 | | 1 | | 1 | | 2 | | 1 | 
| 0 | | 0 | | 0 | | 0 | | 0 | | 1 | | F | | 2 | |   | 
| 0 | | 0 | | 0 | | 0 | | 0 | | 1 | |   | |   | |   | 


i8
|   | |   | | 1 | | 0 | | 1 | | 1 | | 2 | | F | | 1 | 
|   | |   | | 2 | | 2 | | 3 | | F | | 3 | | 1 | | 1 | 
| 1 | | 2 | | F | | 2 | | F | | F | | 2 | | 0 | | 0 | 
| 0 | | 1 | | 1 | | 2 | | 2 | | 2 | | 1 | | 0 | | 0 | 
| 1 | | 1 | | 0 | | 0 | | 0 | | 0 | | 0 | | 1 | | 1 | 
| F | | 1 | | 0 | | 0 | | 0 | | 0 | | 0 | | 1 | | F | 
| 1 | | 1 | | 0 | | 0 | | 0 | | 1 | | 1 | | 2 | | 1 | 
| 0 | | 0 | | 0 | | 0 | | 0 | | 1 | | F | | 2 | | 1 | 
| 0 | | 0 | | 0 | | 0 | | 0 | | 1 | |   | |   | |   | 


g9
|   | |   | | 1 | | 0 | | 1 | | 1 | | 2 | | F | | 1 | 
|   | |   | | 2 | | 2 | | 3 | | F | | 3 | | 1 | | 1 | 
| 1 | | 2 | | F | | 2 | | F | | F | | 2 | | 0 | | 0 | 
| 0 | | 1 | | 1 | | 2 | | 2 | | 2 | | 1 | | 0 | | 0 | 
| 1 | | 1 | | 0 | | 0 | | 0 | | 0 | | 0 | | 1 | | 1 | 
| F | | 1 | | 0 | | 0 | | 0 | | 0 | | 0 | | 1 | | F | 
| 1 | | 1 | | 0 | | 0 | | 0 | | 1 | | 1 | | 2 | | 1 | 
| 0 | | 0 | | 0 | | 0 | | 0 | | 1 | | F | | 2 | | 1 | 
| 0 | | 0 | | 0 | | 0 | | 0 | | 1 | | 1 | |   | |   | 


h9
|   | |   | | 1 | | 0 | | 1 | | 1 | | 2 | | F | | 1 | 
|   | |   | | 2 | | 2 | | 3 | | F | | 3 | | 1 | | 1 | 
| 1 | | 2 | | F | | 2 | | F | | F | | 2 | | 0 | | 0 | 
| 0 | | 1 | | 1 | | 2 | | 2 | | 2 | | 1 | | 0 | | 0 | 
| 1 | | 1 | | 0 | | 0 | | 0 | | 0 | | 0 | | 1 | | 1 | 
| F | | 1 | | 0 | | 0 | | 0 | | 0 | | 0 | | 1 | | F | 
| 1 | | 1 | | 0 | | 0 | | 0 | | 1 | | 1 | | 2 | | 1 | 
| 0 | | 0 | | 0 | | 0 | | 0 | | 1 | | F | | 2 | | 1 | 
| 0 | | 0 | | 0 | | 0 | | 0 | | 1 | | 1 | | 2 | |   | 


i9f
|   | |   | | 1 | | 0 | | 1 | | 1 | | 2 | | F | | 1 | 
|   | |   | | 2 | | 2 | | 3 | | F | | 3 | | 1 | | 1 | 
| 1 | | 2 | | F | | 2 | | F | | F | | 2 | | 0 | | 0 | 
| 0 | | 1 | | 1 | | 2 | | 2 | | 2 | | 1 | | 0 | | 0 | 
| 1 | | 1 | | 0 | | 0 | | 0 | | 0 | | 0 | | 1 | | 1 | 
| F | | 1 | | 0 | | 0 | | 0 | | 0 | | 0 | | 1 | | F | 
| 1 | | 1 | | 0 | | 0 | | 0 | | 1 | | 1 | | 2 | | 1 | 
| 0 | | 0 | | 0 | | 0 | | 0 | | 1 | | F | | 2 | | 1 | 
| 0 | | 0 | | 0 | | 0 | | 0 | | 1 | | 1 | | 2 | | F | 


a1
| 1 | |   | | 1 | | 0 | | 1 | | 1 | | 2 | | F | | 1 | 
|   | |   | | 2 | | 2 | | 3 | | F | | 3 | | 1 | | 1 | 
| 1 | | 2 | | F | | 2 | | F | | F | | 2 | | 0 | | 0 | 
| 0 | | 1 | | 1 | | 2 | | 2 | | 2 | | 1 | | 0 | | 0 | 
| 1 | | 1 | | 0 | | 0 | | 0 | | 0 | | 0 | | 1 | | 1 | 
| F | | 1 | | 0 | | 0 | | 0 | | 0 | | 0 | | 1 | | F | 
| 1 | | 1 | | 0 | | 0 | | 0 | | 1 | | 1 | | 2 | | 1 | 
| 0 | | 0 | | 0 | | 0 | | 0 | | 1 | | F | | 2 | | 1 | 
| 0 | | 0 | | 0 | | 0 | | 0 | | 1 | | 1 | | 2 | | F | 


b1
| 1 | | 1 | | 1 | | 0 | | 1 | | 1 | | 2 | | F | | 1 | 
|   | |   | | 2 | | 2 | | 3 | | F | | 3 | | 1 | | 1 | 
| 1 | | 2 | | F | | 2 | | F | | F | | 2 | | 0 | | 0 | 
| 0 | | 1 | | 1 | | 2 | | 2 | | 2 | | 1 | | 0 | | 0 | 
| 1 | | 1 | | 0 | | 0 | | 0 | | 0 | | 0 | | 1 | | 1 | 
| F | | 1 | | 0 | | 0 | | 0 | | 0 | | 0 | | 1 | | F | 
| 1 | | 1 | | 0 | | 0 | | 0 | | 1 | | 1 | | 2 | | 1 | 
| 0 | | 0 | | 0 | | 0 | | 0 | | 1 | | F | | 2 | | 1 | 
| 0 | | 0 | | 0 | | 0 | | 0 | | 1 | | 1 | | 2 | | F | 


b2f
| 1 | | 1 | | 1 | | 0 | | 1 | | 1 | | 2 | | F | | 1 | 
|   | | F | | 2 | | 2 | | 3 | | F | | 3 | | 1 | | 1 | 
| 1 | | 2 | | F | | 2 | | F | | F | | 2 | | 0 | | 0 | 
| 0 | | 1 | | 1 | | 2 | | 2 | | 2 | | 1 | | 0 | | 0 | 
| 1 | | 1 | | 0 | | 0 | | 0 | | 0 | | 0 | | 1 | | 1 | 
| F | | 1 | | 0 | | 0 | | 0 | | 0 | | 0 | | 1 | | F | 
| 1 | | 1 | | 0 | | 0 | | 0 | | 1 | | 1 | | 2 | | 1 | 
| 0 | | 0 | | 0 | | 0 | | 0 | | 1 | | F | | 2 | | 1 | 
| 0 | | 0 | | 0 | | 0 | | 0 | | 1 | | 1 | | 2 | | F | 


